10
62,63,64,65,68,69,71,74,75,76,78,79,80,82,83,84,85,86,88,90,91,92,93,95,96,99,100,101,103,104,105,106,107,108,110,112,113,114,115,118,119,120
2090
129,76,199,141,193,122,126,114,174,177,176,190,138,194,111,147,96,109,176,191,152,164,182,164,119,133,70,196,116,131,72,115,123,163,190,61,189,172,150,161,90,138
3543
60,133,108,149,199,177,78,159,112,89,146,137,92,60,102,131,73,128,145,81,176,173,199,67,62,137,166,68,143,125,61,167,181,75,144,180,166,81,162,135,185,90
4152
196,65,147,86,180,142,195,156,176,150,150,74,167,120,168,187,126,139,67,190,189,125,101,120,134,149,165,83,108,69,199,148,131,67,117,131,130,170,137,86,68,176
16864
181,90,115,171,157,167,151,152,162,125,127,66,120,108,83,196,75,138,133,199,112,81,120,189,195,77,88,106,83,168,183,77,131,126,121,152,123,90,172,190,123,63
22674
61,100,142,179,68,177,83,135,62,81,145,121,72,153,137,188,102,145,72,108,98,153,192,194,81,97,170,63,115,62,199,93,74,191,89,100,74,88,113,164,145,185
28532
180,198,164,195,109,196,171,123,82,145,65,77,165,126,138,171,165,102,70,144,199,96,128,167,159,123,98,101,113,61,73,186,164,104,193,93,176,154,127,152,124,191
29090
196,100,147,171,106,124,62,165,61,197,115,167,121,136,193,61,65,132,157,116,160,127,79,162,95,68,80,160,106,85,88,119,100,68,178,197,85,173,113,97,165,149
31202
181,103,78,171,89,185,125,131,128,152,112,157,88,157,78,79,124,139,185,79,148,187,116,73,125,112,189,73,156,75,188,185,194,166,68,111,71,83,200,178,117,78
42170
19599,29966,33899,37920,42286,45113,56732,70055,77859,84079,86820,87696,94313,96909,105925,110649,112751,116303,117936,138337,151226,158362,170635,178221,184806,188682,201364,209423,209470,218469,228797,239132,243084,245313,250720, 3121481
95848492



